168
49
124
120
26
34
28
162
67
84
9
223
69
148
250
158
133
241
21
140
89
239
117
46
143
197
236
190
70
23
20
33
152
160
154
127
22
74
174
188
100
160
98
164
14
139
224
182
77
186
29
170
164
112
136
33
176
176
79
90
243
250
85
15
87
30
204
62
67
48
153
30
253
117
198
122
38
182
142
178
107
200
167
187
93
162
40
188
230
157
8
69
132
143
64
249
103
3
10
215
49
115
245
19
129
120
156
25
105
104
126
55
79
138
185
48
240
169
26
16
116
228
11
98
86
79
239
167
68
235
28
103
146
7
236
118
177
82
169
20
225
151
61
196
46
208
188
103
203
34
101
233
9
252
124
8
144
68
252
61
188
228
113
174
185
10
193
86
191
191
116
136
151
80
228
61
135
208
214
69
52
132
245
17
30
0
158
232
233
36
117
19
218
18
61
84
235
48
113
40
99
176
22
237
81
129
81
163
162
202
159
197
157
106
12
187
180
112
200
25
74
241
62
64
59
201
46
110
61
19
84
214
248
95
43
201
147
229
231
236
44
97
177
36
160
172
231
180
243
70
216
110
154
192
14
128
232
146
166
251
182
48
54
243
10
95
216
89
207
144
231
53
11
98
104
20
226
40
133
232
17
137
238
6
213
89
161
218
141
161
190
90
137
116
216
146
64
52
39
97
164
235
55
1
135
94
46
46
222
139
14
87
5
68
87
18
139
39
67
48
18
3
134
11
248
4
70
140
91
198
142
169
168
82
56
125
13
50
102
9
155
107
66
211
72
166
118
85
109
132
174
232
91
158
201
100
254
93
190
208
12
176
48
201
47
241
211
101
203
156
191
63
15
145
164
189
93
0
113
23
187
220
140
121
102
220
192
180
40
227
228
242
242
103
73
90
59
97
123
38
119
159
222
103
191
254
85
124
0
205
198
47
207
169
236
254
29
11
74
106
94
93
111
94
69
111
245
157
6
76
56
24
62
162
235
95
56
63
189
180
115
6
87
180
50
49
29
104
65
130
195
108
130
76
161
173
173
114
181
202
97
43
160
74
144
51
130
186
74
18
56
69
49
139
199
8
197
220
117
130
99
226
192
172
16
136
83
254
195
233
98
191
19
65
90
90
34
105
216
172
31
106
57
13
128
219
37
106
115
58
128
140
162
234
221
139
31
16
215
72
9
138
212
193
151
162
25
182
187
107
105
133
114
242
243
48
59
94
57
17
72
4
75
181
251
66
178
243
88
48
49
147
233
156
26
122
213
250
88
218
92
174
197
58
9
124
43
108
196
64
137
14
250
62
136
223
120
87
98
110
104
217
139
38
190
113
25
142
244
111
82
53
65
29
22
42
227
105
6
28
136
168
231
104
138
219
1
4
38
227
118
252
172
198
255
229
96
2
252
179
9
139
91
10
51
221
86
118
231
78
165
171
253
232
209
131
154
107
103
94
67
142
122
100
133
17
124
123
207
29
157
193
135
197
196
239
175
139
97
24
145
128
198
4
98
13
215
127
79
128
113
63
74
238
186
230
46
84
157
21
167
177
84
186
156
101
22
215
52
62
99
36
30
89
2
208
181
175
8
13
135
117
1
47
36
251
173
2
134
187
154
200
57
231
23
27
233
155
13
159
160
175
57
83
102
136
133
99
194
214
30
196
82
43
120
212
153
110
216
104
239
106
128
134
14
64
225
56
105
3
102
106
18
67
185
41
164
91
181
147
166
172
72
83
169
12
10
234
53
149
137
86
71
97
18
6
160
82
170
251
54
74
205
104
59
229
137
224
206
237
159
224
62
233
183
196
88
115
176
123
91
55
67
234
227
132
169
159
133
177
201
228
95
89
21
105
22
101
48
44
54
62
11
250
40
169
87
128
41
145
217
12
112
227
173
110
101
253
21
237
43
141
149
168
82
19
108
16
30
232
76
8
239
160
44
92
17
227
198
107
206
149
119
42
20
228
220
138
85
198
67
93
92
48
222
103
42
230
51
98
86
50
186
177
63
61
32
101
53
26
223
184
58
20
97
233
198
23
130
37
29
223
22
72
174
39
242
172
189
199
33
68
157
1
154
107
144
91
85
220
17
246
61
175
4
220
92
82
207
71
51
111
169
171
24
196
50
72
34
171
44
100
129
51
139
54
216
221
113
87
251
184
8
159
36
46
189
152
103
212
59
6
43
167
116
252
38
43
200
42
132
45
32
12
151
11
73
140
107
86
200
78
202
46
11
147
85
66
15
12
10
79
89
99
140
232
210
21
102
116
35
17
52
74
252
80
193
113
31
38
102
196
70
148
158
65
179
30
15
92
241
108
32
78
162
60
105
27
34
103
131
198
93
254
77
59
35
249
116
23
142
175
236
164
71
61
124
109
4
109
209
108
87
225
19
143
67
176
127
239
68
38
218
65
158
118
124
188
0
108
254
1
14
165
92
25
206
115
221
0
118
37
231
65
229
146
28
117
68
117
223
157
73
230
203
244
235
70
204
153
44
190
159
74
22
52
41
97
98
162
38
140
105
64
60
130
217
64
138
247
235
183
101
5
183
75
58
160
251
174
216
117
76
105
192
169
233
83
35
122
42
195
181
180
132
213
12
194
27
115
184
110
175
251
152
86
10
47
4
189
60
188
88
159
96
46
70
118
152
99
63
185
96
143
41
110
36
179
198
90
174
7
172
53
243
191
197
106
210
219
236
188
135
6
171
179
195
18
47
47
154
149
17
120
101
198
206
224
140
161
150
32
133
160
254
106
62
140
70
10
57
85
26
153
207
248
219
200
106
240
181
69
13
188
208
91
176
44
234
193
203
49
17
89
116
235
76
98
157
187
107
16
80
40
40
96
59
66
228
118
164
186
17
118
111
219
12
247
150
11
223
235
139
126
187
175
239
156
38
250
127
180
106
219
12
4
232
159
66
251
15
207
158
157
140
211
167
180
159
188
73
242
129
84
216
187
144
181
80
2
220
57
75
115
129
210
4
23
225
48
248
11
251
178
42
64
54
85
121
177
133
74
197
171
74
11
133
62
28
17
18
100
78
3
69
213
62
151
54
9
186
96
196
80
50
57
237
174
107
111
19
133
125
171
68
139
11
161
203
240
142
47
199
185
202
38
153
13
215
247
88
235
207
237
109
1
103
209
239
192
151
3
28
145
14
251
195
84
179
64
36
118
186
235
247
11
213
112
147
72
181
162
250
129
227
104
40
99
131
41
155
180
233
197
187
38
99
176
169
43
242
122
203
132
176
65
0
181
193
31
194
193
157
3
196
35
220
181
33
75
222
66
15
180
40
6
131
229
182
67
194
31
92
141
115
13
35
229
231
57
145
39
160
216
216
204
165
243
161
205
184
239
245
6
172
109
129
148
161
46
180
36
176
203
69
207
108
77
151
76
223
201
154
247
8
226
74
252
24
113
255
140
37
61
48
216
74
91
44
168
148
91
118
108
48
16
168
231
250
54
194
125
139
87
91
98
48
232
229
52
164
167
149
21
194
152
133
72
160
129
56
57
85
162
54
36
212
215
34
176
154
123
72
21
167
84
15
12
201
248
35
234
140
141
202
200
228
206
46
240
97
48
124
71
38
167
24
193
55
84
229
181
36
231
255
61
212
101
127
75
135
60
190
81
151
221
116
241
90
234
155
38
80
200
177
62
45
101
201
98
245
199
12
132
202
161
35
81
101
175
179
158
188
100
170
182
185
7
58
34
185
8
44
118
251
106
162
141
207
46
149
19
104
103
178
64
81
218
54
198
138
65
190
98
14
91
161
86
103
243
43
56
207
6
13
96
103
39
172
19
197
33
176
96
151
220
138
110
230
43
177
127
196
92
172
56
108
181
64
30
179
154
232
182
254
89
24
13
199
175
209
218
104
102
150
62
115
202
157
176
76
117
29
155
171
56
129
140
166
171
77
21
153
133
206
200
138
244
244
234
238
172
103
19
127
179
118
169
11
170
234
233
123
65
127
37
5
232
73
133
9
193
122
79
241
249
224
13
169
197
20
138
10
81
168
33
216
182
193
19
226
129
166
83
162
207
253
49
37
145
110
1
235
84
85
20
70
242
142
73
71
101
52
150
58
25
244
138
57
15
197
184
36
66
41
151
47
25
121
79
58
218
126
111
76
174
205
13
152
27
194
211
25
206
131
8
116
81
95
243
63
119
178
5
246
30
36
16
178
76
113
49
242
234
168
71
119
228
26
120
175
42
248
153
223
39
135
127
3
86
227
87
172
87
156
101
198
232
226
128
146
81
177
249
41
214
44
162
107
226
105
105
52
46
85
221
219
219
121
227
77
94
121
239
191
80
205
102
118
124
179
141
249
14
98
38
58
233
118
111
197
132
106
57
75
251
110
164
139
237
113
13
177
191
208
158
151
157
9
102
132
46
186
168
163
57
130
95
7
58
95
63
126
142
43
22
99
147
235
136
108
189
62
18
85
46
153
230
188
150
235
196
205
170
64
135
182
73
88
57
135
13
9
160
207
247
72
252
8
44
74
159
37
192
35
56
71
209
182
210
235
51
126
176
0
244
213
15
167
132
189
166
83
142
210
35
37
44
242
216
86
112
49
141
29
80
160
249
189
43
186
216
255
230
102
35
85
36
136
189
164
236
204
210
46
144
43
75
91
217
19
89
96
139
238
198
150
58
108
235
34
96
19
231
192
203
94
17
110
138
112
151
214
206
91
218
217
81
31
156
85
225
193
158
27
13
171
74
96
189
62
158
33
61
230
78
105
214
116
112
4
111
63
70
187
183
213
56
79
244
49
139
236
69
130
51
252
44
74
83
28
38
143
187
234
25
157
200
178
33
98
117
2
34
70
112
6
112
32
156
202
60
166
99
227
175
127
205
192
161
168
169
167
150
137
17
154
232
250
188
98
231
239
214
13
108
84
249
182
86
79
127
227
21
33
234
176
0
250
21
216
74
247
45
150
189
128
210
120
86
66
160
32
234
88
45
91
1
107
115
169
156
234
104
84
187
190
103
149
195
118
43
124
15
246
70
180
42
190
109
240
50
44
16
27
39
226
177
12
154
24
248
173
193
3
177
186
151
210
214
104
237
38
160
145
164
109
121
94
46
204
152
95
246
180
3
57
237
163
20
85
155
203
225
219
152
52
0
194
202
130
133
200
47
90
221
9
171
213
62
240
48
17
191
223
187
91
73
74
50
210
108
83
155
5
1
135
151
177
197
87
76
54
63
157
185
239
101
61
54
132
53
185
189
79
162
117
21
81
6
222
195
136
226
178
201
17
172
66
173
160
192
144
173
165
104
1
240
5
226
255
67
216
137
30
49
115
152
24
192
232
94
151
50
146
219
145
195
117
143
240
150
138
145
65
199
67
210
50
76
22
109
50
60
131
136
249
187
61
8
97
98
193
148
13
148
232
164
71
110
249
66
88
149
187
208
101
140
65
235
28
71
35
68
92
94
89
252
99
249
115
167
227
203
56
193
232
113
143
240
113
242
77
4
16
106
156
61
112
93
102
223
7
39
221
27
248
79
193
224
232
11
89
17
102
252
249
52
164
220
149
84
99
86
6
138
62
178
169
158
68
203
17
166
255
178
183
199
70
120
32
172
250
65
112
117
177
224
47
83
219
22
80
232
81
205
77
39
135
228
107
145
179
189
139
36
250
250
19
233
116
174
147
80
6
110
221
113
189
12
235
21
113
110
88
207
251
114
15
124
255
188
140
155
185
241
128
162
98
178
196
133
86
190
146
173
53
192
157
216
206
0
74
63
231
4
242
171
92
151
121
9
208
241
248
168
221
198
183
138
23
58
162
199
99
62
77
224
202
226
56
93
212
176
127
121
218
198
166
79
159
249
137
129
65
67
136
8
92
39
26
13
63
104
143
247
143
50
60
209
235
156
44
181
79
212
46
128
198
205
85
224
66
114
98
219
89
82
150
245
162
221
189
25
70
196
172
69
242
217
200
53
84
42
135
77
103
130
26
221
219
97
153
199
121
125
25
231
217
167
234
15
89
254
172
205
60
244
98
27
13
89
85
33
71
209
94
220
106
26
145
12
2
46
68
189
139
31
54
101
181
150
56
180
143
167
27
220
113
106
0
230
21
242
238
101
68
196
142
206
41
141
159
143
160
175
147
60
212
31
231
134
158
6
71
152
0
118
76
26
134
0
214
178
47
147
67
230
63
111
103
219
214
184
244
21
222
148
16
126
75
143
108
68
31
223
6
220
211
39
167
252
45
156
197
253
44
13
175
197
55
137
52
86
209
96
95
44
230
131
85
106
248
16
129
33
112
1
85
23
160
133
130
23
241
212
82
96
236
254
231
56
59
160
147
66
54
102
63
133
134
88
33
105
92
244
114
168
235
249
95
96
89
2
229
112
156
246
251
28
201
65
116
179
178
68
241
198
255
150
3
185
14
196
199
31
34
112
127
193
159
124
220
166
83
124
173
217
251
150
35
84
116
1
202
238
34
247
153
89
9
86
130
120
54
91
61
248
60
126
162
238
61
154
32
21
75
231
33
229
70
224
32
58
237
118
25
50
161
66
63
225
29
121
137
14
213
106
122
141
247
160
7
226
72
153
37
97
169
39
151
70
207
208
63
46
131
125
233
68
245
112
249
208
130
23
159
133
50
55
145
185
166
60
87
190
125
142
210
165
112
112
194
51
147
251
143
110
117
232
103
57
240
231
45
236
71
94
232
192
153
248
112
141
99
191
62
90
132
23
20
57
158
186
61
214
91
205
66
38
160
204
214
109
90
213
114
36
138
109
183
130
26
235
146
4
109
20
7
191
215
101
41
185
65
115
172
217
55
242
46
124
53
254
165
240
17
200
13
104
155
132
245
128
161
113
19
231
97
17
213
124
139
174
62
117
142
113
127
196
129
205
145
78
82
25
125
216
114
49
110
89
31
141
251
54
188
108
34
68
174
247
124
228
132
28
87
42
167
48
173
93
110
146
80
40
19
150
177
173
97
121
203
95
48
43
6
117
210
77
75
166
238
108
24
37
75
3
89
172
179
62
37
235
110
33
29
40
138
102
88
174
57
222
161
59
46
150
93
237
154
17
84
59
186
152
145
212
236
104
29
171
203
159
195
86
25
30
183
209
211
251
142
173
158
230
254
46
88
248
228
90
58
193
249
163
83
44
161
249
89
226
17
137
145
248
9
53
57
56
219
5
100
149
51
155
18
250
81
1
149
101
102
28
54
7
21
150
148
79
41
158
164
166
250
137
20
9
9
129
174
170
199
80
224
8
171
236
138
235
161
37
10
138
126
18
11
192
37
176
232
57
205
73
2
53
57
248
93
98
108
30
16
237
63
78
127
181
185
181
105
10
149
155
138
228
90
126
14
44
33
173
249
151
16
36
2
143
6
7
91
16
95
31
138
221
187
154
19
41
166
157
202
139
227
238
91
247
108
94
186
199
147
113
193
123
131
61
225
136
167
99
177
245
140
165
30
115
201
100
81
128
230
97
155
75
237
81
245
166
14
130
85
95
174
18
110
94
42
8
118
65
185
98
29
107
208
253
125
81
45
149
128
114
36
183
192
79
13
123
82
42
139
239
89
71
249
249
112
8
190
103
227
48
95
250
80
69
169
209
189
219
68
239
123
250
105
254
124
197
20
145
3
64
76
137
195
161
46
100
119
81
163
172
234
177
111
11
144
32
163
149
96
118
160
98
142
172
253
3
148
100
249
135
187
242
29
7
22
131
155
110
183
119
80
117
143
114
233
120
227
0
101
205
13
74
173
246
29
158
75
93
9
155
26
149
155
22
133
224
249
68
100
81
189
186
156
72
183
162
190
152
104
45
42
148
59
208
236
162
189
25
46
230
145
103
1
111
52
111
39
223
239
191
213
201
17
172
149
86
86
84
239
157
39
176
228
151
134
65
66
184
0
21
97
125
69
180
106
255
185
225
183
194
211
147
68
20
216
144
10
21
66
43
100
191
8
57
56
220
140
193
198
87
55
99
206
116
204
38
109
236
34
125
62
74
120
108
228
139
164
112
228
228
62
172
19
90
144
128
192
148
12
220
160
152
160
172
121
9
156
76
240
229
218
186
137
188
154
179
31
174
80
38
112
26
156
231
44
135
71
46
129
110
242
241
235
98
202
15
248
175
92
89
17
168
157
32
100
247
156
53
235
220
31
10
244
225
208
3
63
194
214
120
119
73
71
166
11
199
115
89
27
77
102
85
37
24
238
182
152
52
145
179
222
185
32
59
56
125
249
218
16
212
5
125
34
20
222
163
94
145
127
128
185
150
75
6
87
178
199
165
214
68
210
108
98
49
163
200
99
155
110
103
225
14
204
143
210
52
44
145
212
91
249
117
19
13
107
39
231
180
91
67
220
129
49
107
244
153
82
15
66
171
153
87
120
57
220
81
39
3
5
255
0
29
187
92
220
197
9
0
91
105
30
249
50
113
39
60
181
243
75
86
241
171
185
112
207
56
107
38
35
7
240
70
3
57
124
110
196
135
120
75
186
151
120
225
59
249
76
107
142
60
39
254
25
110
142
170
69
119
112
32
60
201
173
205
61
136
149
40
133
102
181
9
65
16
47
92
15
67
240
189
156
123
63
71
21
10
12
46
120
29
99
52
45
62
49
97
10
251
29
81
200
173
110
73
64
241
82
218
108
64
162
25
126
99
164
109
12
42
185
221
109
167
17
142
242
145
36
208
89
154
228
131
249
211
205
51
102
247
204
31
219
161
242
243
16
77
84
155
217
223
22
157
101
215
194
124
182
187
67
239
49
45
252
77
100
171
232
224
56
109
199
53
101
133
153
213
116
176
44
252
73
184
201
250
44
117
233
58
139
74
12
9
12
113
24
170
95
164
204
6
113
69
7
53
144
51
255
76
205
243
177
182
247
218
38
239
53
211
80
202
115
84
45
166
66
191
191
91
46
226
47
39
49
143
8
148
71
118
222
76
220
196
70
217
96
39
191
84
227
162
110
184
14
34
8
250
253
206
85
52
0
105
226
247
180
8
96
241
109
211
97
71
171
67
145
214
96
203
137
124
27
25
48
143
87
78
130
77
126
21
67
185
77
79
235
142
171
206
245
77
56
245
230
190
134
194
230
110
187
172
218
9
215
152
7
116
13
123
229
131
50
224
185
162
114
38
191
212
58
205
210
231
128
206
145
212
181
5
167
252
70
73
204
200
124
58
57
214
231
252
176
138
139
57
10
207
111
89
175
165
61
17
230
2
76
194
105
152
110
67
58
198
204
61
233
54
93
24
228
242
244
231
155
252
68
90
234
140
79
204
20
224
70
93
235
163
229
116
175
31
155
47
69
119
226
254
195
158
206
219
131
12
221
95
150
122
137
168
156
149
254
209
16
156
194
144
204
171
187
43
130
248
147
198
84
52
94
212
151
213
67
128
168
57
183
198
14
51
31
74
15
161
23
121
53
74
251
77
168
100
228
163
40
226
96
10
247
158
246
214
197
110
193
164
221
151
22
106
107
166
48
141
124
27
166
192
224
185
235
42
182
28
222
1
15
123
181
128
59
121
77
229
120
145
43
68
15
187
213
105
18
67
46
155
133
23
175
177
69
137
210
92
107
52
87
144
51
196
214
230
149
112
169
134
205
91
138
127
252
58
245
144
137
34
226
85
216
29
144
14
79
249
86
253
14
174
169
87
169
193
95
115
127
43
120
170
98
140
192
204
74
214
157
28
64
250
213
194
117
112
55
215
147
214
64
149
60
81
217
242
31
38
62
163
38
119
246
212
214
219
253
51
250
28
125
99
235
88
147
181
53
125
241
83
249
217
154
200
128
228
31
5
180
10
216
215
72
182
56
114
67
41
82
73
124
188
125
148
255
205
165
57
155
180
97
32
119
69
137
68
32
103
73
232
1
103
180
88
253
161
180
80
93
32
165
58
73
80
245
47
97
67
111
122
245
227
64
174
160
96
149
48
119
107
124
226
191
135
205
104
36
163
246
6
35
106
122
81
214
213
170
148
139
38
0
0
81
253
156
97
27
199
226
210
51
202
148
41
78
56
17
13
30
27
18
52
131
94
192
96
86
126
71
148
39
207
7
15
246
182
88
209
160
4
43
49
90
254
148
158
201
61
7
223
68
211
71
58
252
227
170
111
205
53
92
229
216
194
80
143
56
218
105
44
35
87
252
167
131
233
148
151
161
240
39
22
31
86
144
73
119
254
211
8
158
149
4
140
231
60
3
78
204
26
217
174
6
11
250
81
72
146
247
106
33
94
75
55
172
63
58
122
40
196
79
15
122
105
129
212
47
42
175
47
111
229
155
198
143
230
250
24
80
138
97
119
134
224
114
213
161
71
78
231
50
216
136
17
4
100
128
184
163
92
45
71
61
92
174
40
54
32
1
174
136
1
157
183
24
100
17
226
150
6
192
137
97
41
237
199
246
210
122
209
74
131
42
45
231
124
44
50
130
41
75
103
118
195
116
223
226
205
224
100
139
173
14
203
176
139
137
185
150
76
84
18
173
111
40
76
22
109
136
222
137
118
183
56
161
101
109
72
130
138
244
124
115
15
103
192
4
251
120
21
100
110
170
14
153
196
113
90
243
155
226
9
85
77
24
153
107
166
203
26
145
193
79
160
166
128
232
158
71
119
29
35
191
159
253
253
78
39
222
2
170
59
8
41
33
117
222
27
120
192
18
79
29
149
1
52
38
184
1
6
225
81
124
88
222
129
35
134
147
245
251
193
124
171
159
198
223
108
72
85
107
43
194
166
11
9
216
55
139
188
255
77
171
67
230
89
237
187
98
49
139
233
224
115
162
219
206
92
76
167
182
49
129
113
119
41
195
53
120
76
64
135
199
139
172
14
202
15
53
45
237
118
21
6
233
177
154
152
251
97
50
159
216
237
148
180
19
21
196
235
19
237
167
193
145
17
92
209
4
172
171
9
219
30
33
239
10
39
131
230
145
75
236
83
67
250
97
96
85
248
78
231
231
78
26
99
44
84
187
125
158
205
119
176
213
194
117
108
45
76
58
79
68
53
52
247
34
128
93
63
144
187
145
53
76
107
88
77
125
113
109
238
221
49
212
110
227
11
189
91
122
150
118
133
36
110
205
71
19
46
55
96
64
84
71
187
1
229
125
167
96
62
82
55
47
3
170
33
244
106
215
119
115
39
85
255
130
250
155
142
23
39
201
205
166
182
222
176
109
47
123
53
241
34
86
158
155
18
6
243
47
253
174
218
95
226
109
227
116
215
78
25
116
73
76
179
218
57
66
19
43
232
30
45
117
154
83
134
124
31
51
40
147
14
49
1
41
199
14
150
64
227
234
51
195
163
174
26
243
50
13
61
33
220
31
181
28
199
123
50
191
47
9
15
105
30
166
84
151
96
220
138
108
116
196
141
129
72
167
107
22
76
16
51
73
90
1
253
138
51
156
2
7
250
97
187
57
241
49
244
50
214
37
108
69
160
140
14
175
37
184
224
42
132
219
89
85
136
243
0
205
203
199
157
71
52
107
215
72
37
242
111
219
7
64
126
24
94
228
228
215
102
51
160
101
151
144
73
71
0
68
126
18
217
174
147
32
250
228
211
117
151
51
15
16
213
142
248
153
77
30
244
252
7
77
236
52
230
236
47
51
169
166
180
235
9
126
79
167
27
123
70
92
224
121
161
132
18
23
51
93
146
186
225
102
130
186
210
132
121
220
125
97
0
157
83
233
126
63
155
37
236
228
208
18
117
21
142
93
249
42
13
134
106
115
199
116
166
64
20
2
47
206
74
78
97
252
180
153
80
48
152
237
79
183
178
5
14
28
160
110
231
18
228
195
201
197
60
218
197
19
42
203
110
64
148
206
63
141
91
194
114
198
215
149
149
187
59
115
163
19
39
169
116
136
8
96
156
97
119
112
151
62
103
223
167
70
221
2
229
78
43
166
33
116
189
168
189
192
11
162
230
55
114
174
89
143
167
248
106
74
127
176
117
237
55
23
0
36
78
235
180
239
251
151
86
10
48
37
79
104
200
116
160
20
38
79
123
178
73
110
62
5
123
229
51
182
36
32
195
95
177
27
229
133
68
31
238
79
121
111
219
95
151
221
239
70
50
106
86
15
106
60
93
158
105
1
29
39
88
164
188
140
236
105
25
197
222
72
120
181
248
99
155
255
33
143
109
5
231
163
113
185
222
252
30
81
130
58
68
22
210
211
172
86
152
146
236
57
161
222
134
114
97
5
123
199
99
98
120
57
116
202
153
33
201
170
184
26
203
70
84
136
212
63
184
90
72
44
69
99
139
122
240
236
92
45
187
97
139
212
52
5
85
26
170
153
42
183
139
197
75
64
44
57
214
247
109
113
36
199
133
246
172
142
13
117
73
71
98
42
223
83
122
14
99
0
86
204
147
143
30
66
152
201
20
15
131
68
11
144
140
128
33
153
124
52
36
65
107
119
31
243
21
22
228
208
218
58
228
203
203
39
9
34
246
65
11
149
171
99
76
188
151
156
105
14
221
1
238
90
214
161
70
207
56
160
167
9
22
38
20
29
139
233
44
184
249
250
204
141
19
11
172
140
191
225
0
204
209
71
79
223
235
158
58
59
218
220
128
68
29
202
176
196
38
105
125
33
4
75
113
188
153
27
5
222
156
47
135
136
152
34
67
34
38
68
87
29
213
56
92
23
212
184
242
46
40
240
206
207
232
35
224
21
76
18
67
183
226
109
121
86
37
93
39
119
82
80
37
193
143
62
167
219
196
40
88
157
228
243
104
247
67
52
130
221
212
173
169
19
186
229
102
65
223
184
140
182
70
226
177
131
42
185
87
128
221
202
64
42
193
116
72
96
144
226
241
81
159
233
78
176
163
171
79
27
183
151
210
111
151
226
87
49
186
3
33
9
230
109
148
127
44
95
170
153
56
174
23
209
87
144
44
134
51
190
175
148
126
199
62
192
75
104
176
132
165
89
38
155
143
167
170
15
34
53
198
167
144
64
247
199
17
208
128
248
207
16
147
10
235
194
39
130
253
44
154
58
67
176
145
39
75
121
48
6
125
49
145
96
147
113
113
177
49
13
167
16
27
107
193
222
25
110
20
158
14
11
221
185
24
49
44
243
65
194
244
65
39
176
244
251
0
239
28
132
6
216
161
220
133
197
183
113
41
152
186
232
212
130
225
128
11
42
150
196
112
120
134
151
242
77
149
1
2
131
217
192
143
158
139
70
186
20
80
141
151
117
160
76
79
19
8
193
18
102
126
173
213
12
9
224
207
157
78
4
6
137
159
142
11
157
69
245
231
213
110
227
67
253
16
95
30
18
142
126
125
10
19
30
116
20
138
252
172
140
134
27
165
13
201
216
60
224
241
199
148
18
150
25
138
35
245
1
83
207
233
62
33
73
43
208
51
116
244
157
38
116
78
87
217
216
239
28
97
234
73
17
102
202
210
43
21
123
253
15
193
102
79
236
68
11
42
177
192
73
125
122
200
73
73
37
104
169
102
240
19
45
228
67
73
185
113
9
38
32
34
106
248
35
2
140
147
126
73
253
174
252
111
222
200
224
234
169
243
193
160
59
254
206
161
44
112
222
38
255
23
210
76
245
180
4
9
170
141
56
253
194
87
105
170
243
195
135
18
5
248
139
203
18
219
142
40
207
111
138
154
245
123
208
99
67
160
211
112
95
40
102
221
69
71
175
226
114
221
114
77
113
165
15
82
245
190
150
211
248
206
72
91
180
41
2
172
183
44
194
30
132
153
226
27
158
173
190
232
24
153
78
253
71
89
229
9
188
66
99
219
32
226
87
242
97
21
238
167
54
103
184
87
212
208
26
7
145
183
41
40
104
33
222
27
211
31
1
91
89
153
91
71
140
145
131
105
105
97
37
79
121
177
11
18
249
166
36
9
88
248
210
255
41
233
70
106
65
248
92
130
13
98
195
31
15
202
65
23
249
0
107
190
240
211
227
63
194
48
196
137
61
170
117
72
163
144
46
78
209
62
51
70
134
123
116
245
72
72
10
145
229
252
165
197
91
158
62
6
211
139
115
24
225
62
150
159
225
3
141
62
184
135
133
129
40
35
198
213
224
53
176
65
219
218
104
88
108
244
1
83
103
210
77
188
121
20
122
225
184
127
143
106
141
11
34
63
60
151
20
167
39
73
90
31
178
226
218
81
200
117
206
19
160
75
44
227
34
231
92
211
100
219
56
199
28
78
33
39
96
28
55
1
188
175
210
76
139
138
163
13
159
191
189
67
86
185
113
137
224
39
208
136
210
139
153
124
209
204
76
196
223
5
126
114
35
168
226
175
82
17
246
241
191
125
124
252
248
238
216
100
225
144
238
125
132
159
3
220
201
156
136
47
33
166
52
208
68
150
78
90
6
49
123
7
172
238
138
194
37
156
140
244
188
160
53
113
26
35
96
103
151
164
155
231
71
189
254
253
189
129
177
113
110
196
54
168
90
157
100
233
75
156
138
109
207
180
57
71
217
187
148
170
123
227
75
152
148
49
123
71
210
222
145
101
246
17
212
113
121
221
174
78
32
78
103
68
244
217
185
211
60
181
231
15
88
66
48
24
95
39
232
8
94
212
66
224
130
138
243
73
154
46
211
134
204
210
195
133
206
130
153
69
117
89
53
188
176
99
223
7
235
98
249
121
195
82
56
10
212
129
148
176
157
157
183
180
54
252
42
224
161
106
66
62
13
99
61
82
171
18
175
130
171
59
45
246
100
175
146
250
107
192
220
97
163
152
71
167
37
97
36
53
60
146
198
235
174
103
90
77
59
85
40
251
170
9
185
21
122
110
71
72
175
98
200
206
155
115
250
143
207
118
112
29
220
158
47
180
193
210
138
111
254
198
234
36
118
25
11
39
44
166
204
245
125
94
39
124
194
97
226
9
120
25
139
209
44
16
246
24
85
16
183
91
143
135
76
212
200
164
182
212
116
41
74
74
147
41
132
216
178
30
202
78
35
226
169
161
89
59
65
89
54
64
219
209
3
134
44
111
228
251
25
134
79
54
235
102
160
168
200
2
148
78
128
250
143
175
72
193
174
212
221
67
169
90
14
39
31
47
26
139
195
2
181
231
71
32
60
28
112
252
95
105
163
194
207
192
168
168
215
113
65
225
22
43
40
28
224
193
24
149
224
17
47
134
254
218
82
32
14
166
20
191
13
29
69
37
129
105
146
68
24
209
76
9
227
180
233
41
48
165
111
102
34
22
223
49
79
132
252
255
70
130
74
74
175
173
57
141
63
5
101
1
22
47
117
241
68
177
155
211
114
206
201
247
193
100
84
80
153
174
144
16
102
215
148
188
115
199
131
25
72
127
40
110
209
179
185
122
163
10
209
26
195
33
109
203
69
58
138
21
228
109
226
65
4
44
61
184
183
30
206
3
231
70
177
63
221
112
255
35
105
126
176
62
198
114
114
195
186
96
73
128
10
134
92
23
178
217
207
133
211
229
163
211
125
170
10
37
77
142
104
27
96
223
233
53
60
228
147
5
11
232
100
50
68
218
230
27
24
35
218
66
216
48
207
215
105
147
195
206
135
5
227
141
216
239
91
143
117
224
131
122
14
147
246
123
86
54
147
11
104
246
2
217
71
187
194
83
85
11
184
200
120
247
16
100
187
14
69
197
85
55
73
183
120
251
254
3
252
2
31
152
63
49
45
236
126
66
198
49
245
236
95
21
182
237
109
27
162
28
143
152
123
192
94
145
204
230
214
170
73
234
26
46
153
75
163
22
252
100
93
90
162
39
172
9
191
166
200
64
98
234
238
137
250
74
210
103
215
194
110
160
35
92
215
91
210
210
189
231
207
167
130
223
41
71
204
148
127
144
24
34
237
10
17
252
41
6
54
210
166
233
126
63
83
9
118
246
244
175
72
221
51
218
181
7
105
246
93
84
173
158
180
92
205
120
43
221
177
76
49
101
42
228
99
179
228
98
134
82
9
189
23
206
102
45
78
74
221
230
242
5
183
105
32
184
140
205
153
105
251
216
239
40
184
159
204
211
14
144
185
162
249
152
213
30
101
18
17
165
211
2
75
29
235
119
43
110
108
165
40
178
218
51
196
66
77
220
34
250
0
198
175
134
234
175
228
55
104
222
29
214
82
196
253
181
213
9
185
93
4
236
45
156
85
160
206
247
65
100
76
0
86
6
133
246
115
94
58
153
153
52
232
34
97
61
23
159
24
26
252
196
77
116
164
151
201
114
159
114
220
245
31
248
153
49
35
238
89
19
21
250
11
220
83
237
134
165
217
166
175
235
225
9
142
238
123
202
123
174
113
139
50
218
74
34
158
86
20
224
47
188
49
24
174
56
18
140
242
113
204
157
235
253
30
95
203
195
124
13
47
2
112
156
88
120
185
68
166
171
176
92
175
171
168
85
253
128
248
236
115
97
157
93
143
58
210
7
141
117
79
34
255
232
249
252
109
31
44
163
156
154
226
11
247
61
149
183
80
212
158
52
44
163
231
19
99
244
38
97
243
48
57
218
246
235
158
251
74
47
108
208
73
241
102
17
186
26
187
13
78
89
248
230
115
191
61
38
191
198
82
102
87
194
13
160
53
59
88
34
64
137
86
19
182
32
103
206
113
75
202
58
82
201
226
6
85
91
93
146
25
114
93
158
222
225
217
24
204
243
101
230
77
230
74
117
139
190
252
226
226
228
43
28
135
90
34
184
230
178
67
1
114
169
61
253
63
13
142
6
197
151
92
100
119
99
161
233
145
5
9
37
235
36
103
60
198
53
135
9
148
72
123
211
112
118
210
120
18
58
18
221
0
230
187
33
108
95
38
215
222
238
135
63
162
103
214
37
108
254
222
64
45
138
69
176
40
82
66
169
191
176
214
107
227
5
37
137
243
162
157
31
238
92
2
154
160
206
212
244
35
13
24
121
71
33
56
230
19
132
46
199
15
176
171
134
161
110
175
239
61
173
165
1
53
82
165
29
18
198
222
103
104
129
144
226
122
134
223
56
191
88
143
15
84
42
28
135
135
207
180
227
175
214
29
95
86
193
248
10
81
32
206
139
46
73
155
254
135
220
52
216
91
116
198
225
243
88
63
139
33
90
234
175
7
48
10
177
62
37
230
24
81
172
62
137
88
213
84
45
125
11
90
237
140
232
172
73
99
141
68
25
139
38
241
199
200
117
169
158
74
177
16
136
33
160
124
70
220
185
50
237
105
69
102
56
83
153
195
66
186
2
88
134
240
232
225
32
59
160
189
238
33
246
120
126
221
160
222
248
23
230
147
73
177
100
250
171
74
127
220
214
47
30
168
98
202
34
134
8
122
8
116
222
77
23
174
129
51
126
60
6
116
253
95
212
124
252
85
117
69
169
98
155
247
129
118
169
102
49
93
14
135
230
83
166
84
117
227
160
152
129
154
138
134
78
34
120
252
204
36
131
175
107
197
146
219
66
252
233
34
14
199
143
188
122
203
84
181
3
231
123
97
65
223
177
189
202
247
205
192
146
119
136
18
72
103
153
172
154
180
67
112
222
248
169
136
68
198
11
193
187
173
223
172
44
66
85
41
97
171
86
156
42
51
1
61
39
17
235
89
246
99
10
39
142
100
28
240
234
32
251
241
105
232
226
215
144
171
186
219
229
19
166
23
12
101
188
87
184
12
31
127
60
253
205
124
104
213
147
43
7
141
153
15
217
224
186
79
84
30
245
35
76
180
67
229
254
208
51
130
97
251
202
60
43
100
249
182
113
167
134
94
168
158
136
166
6
137
7
95
193
103
200
134
123
184
62
66
230
14
122
219
110
159
70
190
70
123
59
95
100
127
74
226
123
132
62
196
160
34
237
218
180
79
8
164
19
140
195
116
50
96
230
48
212
55
247
85
131
103
206
56
22
163
150
238
248
92
124
163
230
43
198
125
47
118
10
89
116
78
36
18
60
213
244
2
211
18
32
61
124
156
190
110
154
10
70
128
134
199
46
250
242
73
212
174
24
46
244
30
57
135
244
251
134
223
225
72
23
106
177
86
67
183
25
44
188
18
41
103
47
250
28
23
165
21
93
32
103
65
81
205
147
176
37
198
189
86
245
215
194
130
230
129
224
23
124
14
235
181
33
167
19
203
157
102
149
149
161
103
151
52
37
179
67
10
12
182
10
94
207
139
91
208
13
64
170
190
36
26
123
96
135
139
228
51
112
162
191
129
77
71
248
199
125
149
132
250
235
125
217
153
123
246
161
124
235
26
206
234
145
83
233
46
62
12
29
79
46
92
183
96
228
177
102
21
237
190
124
230
134
97
85
129
163
254
30
174
23
72
237
155
69
130
88
183
243
118
99
140
153
66
79
88
188
135
11
200
99
253
159
102
21
91
27
72
13
187
61
50
163
44
164
97
173
137
147
115
128
169
68
240
138
167
72
234
234
95
68
201
41
199
46
173
180
177
57
20
193
59
205
43
69
1
41
114
57
208
50
198
253
41
181
208
220
119
144
220
176
16
165
215
49
18
1
157
127
73
32
61
72
217
134
